83989,
15707,
12659,
26012,
42699,
27706,
95631,
58243,
41171,
33231,
72728,
99268,
49694,
66506,
20464,
97109,
96288,
76904,
27706,
44236,
87279,
31037,
98965,
13469,
79924,
33911,
33231,
31037,
83821,
62907,
26730,
92319,
33249,
32589,
46622,
71217,
33911,
61515,
33911,
25959,
87970,
25959,
87726,
54813,
67811,
98556,
97692,
54616,
35614,
95208,
64273,
33911,
69302,
99150,
71632,
99449,
67811,
23675,
55203,
20464,
19960,
78890,
32327,
92137,
42327,
57070,
31037,
99150,
34779,
99150,
47093,
35996,
88397,
49558,
89113,
77443,
58592,
14460,
33911,
98556,
52439,
10311,
71299,
33231,
54616,
56495,
73037,
21728,
83302,
33911,
13033,
12885,
67973,
75886,
90560,
41980,
98556,
46022,
89733,
90269,
60452,
31037,
76611,
40177,
89725,
76918,
88969,
82206,
22168,
17840,
75610,
30283,
41393,
32330,
67054,
42563,
97692,
43952,
88917,
68771,
63351,
79967,
25790,
80977,
86053,
72368,
31153,
50096,
74779,
44148,
11750,
25790,
34334,
37275,
58595,
81784,
49558,
36896,
88896,
54609,
49500,
51373,
94408,
25959,
16398,
66516,
88397,
13469,
26730,
10311,
75324,
51373,
64620,
55909,
80680,
34957,
24332,
49558,
55141,
13469,
10893,
94388,
58243,
94680,
65278,
17840,
63022,
41105,
33231,
67811,
80086,
98556,
32327,
88397,
20464,
15228,
25959,
31641,
52439,
32327,
71373,
46627,
42458,
54654,
52439,
33787,
49558,
49561,
62721,
90072,
88397,
89230,
20122,
43083,
87279,
49694,
89779,
80680,
31037,
81934,
62188,
24897,
83997,
86255,
98554,
24418,
98965,
59190,
20464,
51373,
26730,
52439,
50150,
82272,
49558,
99150,
29584,
83762,
59580,
95080,
26730,
25562,
73630,
20464,
66511,
22708,
79857,
25790,
58595,
32327,
73043,
44410,
17840,
30684,
27410,
34148,
57009,
97692,
13469,
84529,
26730,
56357,
37394,
82636,
52439,
22168,
28561,
52439,
39685,
11939,
63109,
25959,
10311,
59988,
22708,
33231,
98965,
10956,
32926,
13469,
17840,
80730,
71632,
52439,
88397,
68049,
58595,
15526,
71632,
97528,
38418,
16314,
58595,
73805,
13874,
31037,
82623,
25790,
25790,
58243,
26012,
33922,
98965,
14155,
53761,
72609,
86600,
83714,
48045,
44236,
20464,
98556,
40331,
32327,
13469,
21621,
87043,
98965,
78348,
79597,
89331,
99527,
80769,
25959,
31216,
87498,
79221,
13469,
71544,
32327,
52439,
22198,
25959,
27706,
57909,
39786,
30532,
74875,
56553,
97463,
22294,
51373,
83968,
97636,
64391,
16844,
82974,
42642,
52439,
51474,
58243,
72049,
22168,
19806,
43498,
41878,
58243,
18510,
35469,
49558,
51373,
25959,
20464,
75836,
33802,
15427,
80312,
20464,
81018,
98491,
85675,
27870,
80680,
80680,
41607,
96386,
52439,
40744,
49888,
88615,
98965,
52439,
17840,
48015,
75523,
13940,
84186,
19307,
49558,
40468,
33231,
37067,
99150,
71471,
81211,
90298,
58595,
96220,
51351,
58243,
34401,
33911,
31037,
28713,
33231,
29170,
48144,
10311,
91054,
20464,
98780,
88397,
27870,
25959,
35778,
45153,
99353,
88397,
55141,
41466,
82131,
33911,
48569,
27870,
50901,
31037,
99784,
20464,
99150,
71632,
52439,
91785,
28237,
42531,
87524,
22708,
82459,
88865,
21625,
90706,
99864,
12061,
69728,
98965,
30876,
25959,
28621,
88397,
45861,
26012,
54616,
32327,
54616,
99150,
12715,
19467,
98965,
11465,
73667,
93792,
71632,
97728,
45461,
87279,
25790,
25199,
33231,
50988,
89998,
99150,
97850,
97692,
49027,
52439,
26600,
63580,
99150,
51373,
27200,
84636,
20464,
25105,
17840,
94183,
32327,
63872,
88397,
28919,
31037,
51920,
25790,
88397,
25790,
51373,
90162,
90672,
42099,
13062,
97692,
46800,
53468,
25361,
26730,
21976,
72722,
59416,
10311,
85339,
24358,
32327,
55141,
41087,
17199,
45735,
40395,
58243,
88397,
27870,
17840,
49694,
41105,
14196,
55742,
73366,
37656,
26012,
73066,
31037,
99150,
49558,
98973,
98556,
20464,
49901,
97692,
89520,
10982,
55119,
49558,
59553,
19448,
26008,
99150,
55141,
74946,
44236,
22708,
26012,
22708,
17840,
20464,
49694,
32327,
18697,
13469,
27870,
38781,
27637,
87874,
17840,
33231,
58243,
54616,
46916,
73325,
81944,
10311,
28597,
69556,
49558,
61122,
49558,
31037,
12449,
21688,
51863,
26012,
17442,
27540,
58564,
35284,
57059,
56170,
32327,
94226,
98965,
58595,
27040,
58243,
87286,
90197,
43748,
33036,
94048,
88397,
45535,
25959,
85393,
33911,
58243,
58607,
78378,
30297,
78352,
73399,
17315,
80561,
42345,
33715,
19951,
25866,
23986,
20824,
97692,
17840,
25959,
15790,
32327,
91777,
47770,
53322,
26572,
10311,
85092,
88397,
20464,
75320,
97692,
99882,
25790,
98556,
25959,
81474,
58243,
51155,
27870,
20464,
31037,
40873,
33911,
10311,
24730,
44653,
73550,
32327,
88747,
75785,
81864,
60634,
22708,
20464,
67458,
32327,
65630,
47192,
88894,
41006,
39491,
94108,
36428,
17527,
68759,
41105,
76956,
54824,
37327,
58595,
31289,
68656,
71632,
19390,
32327,
99150,
54606,
51373,
35414,
35321,
26012,
26012,
22708,
33911,
39188,
26012,
88397,
82623,
56497,
17840,
98556,
12520,
21364,
36318,
90378,
93019,
31037,
21075,
79772,
87279,
59761,
79864,
82100,
71632,
46099,
27870,
44803,
98556,
44210,
74306,
57620,
32130,
75904,
85542,
51725,
96787,
17840,
70330,
33911,
92432,
32752,
70578,
88397,
69589,
88397,
27870,
31037,
47321,
48665,
87279,
97692,
33911,
33911,
93040,
44915,
59401,
14448,
58254,
65394,
45500,
69327,
62022,
80680,
98965,
19302,
31037,
88397,
70635,
38650,
91671,
46037,
32533,
82532,
47202,
95535,
40500,
87279,
71899,
33797,
99150,
72908,
20464,
74639,
18271,
72651,
23737,
84997,
91743,
67811,
10311,
21028,
10311,
35661,
94117,
84101,
90550,
36583,
56756,
79873,
99150,
79991,
64939,
87279,
65726,
58243,
52917,
81384,
83604,
85489,
17840,
52439,
13469,
98965,
24098,
58828,
26012,
96638,
97982,
74245,
33231,
44767,
91430,
64938,
93877,
80434,
77500,
36198,
13732,
26984,
15983,
78450,
71632,
25959,
29710,
97692,
42756,
29891,
49043,
70394,
71632,
78588,
33231,
25959,
33911,
48000,
49558,
44236,
13469,
71632,
76323,
99580,
89698,
36191,
17142,
10392,
31339,
30887,
88397,
81078,
18344,
18477,
27870,
23095,
62592,
48017,
29519,
93885,
72179,
97966,
80680,
13469,
31892,
51728,
52509,
69664,
73109,
20464,
58243,
94017,
88397,
27283,
66651,
51373,
28778,
22708,
55346,
14804,
95049,
63155,
46060,
95729,
37142,
99274,
25959,
99150,
56253,
61593,
44236,
89414,
86495,
82113,
69762,
31480,
31037,
82638,
61538,
49345,
98413,
49558,
33911,
27063,
17644,
32390,
67811,
98950,
32327,
57405,
95357,
97963,
32327,
15331,
37870,
54616,
13469,
29401,
31037,
42872,
17840,
23132,
46418,
97692,
25959,
53267,
47433,
90511,
28443,
41105,
52439,
68587,
57839,
62521,
26237,
38113,
10311,
93821,
37160,
95594,
41334,
26730,
97692,
91177,
12317,
97692,
95869,
88541,
35793,
14442,
12198,
33231,
18567,
71632,
85081,
42408,
39223,
67811,
28337,
54616,
29814,
81703,
98556,
62042,
52439,
22168,
50515,
98013,
34159,
49694,
87023,
70325,
33231,
58243,
12338,
29925,
75634,
97692,
27870,
68857,
58243,
97537,
54482,
16585,
98650,
27870,
97692,
22168,
10181,
14118,
12130,
48734,
95568,
56369,
87279,
18858,
25790,
60825,
18987,
13241,
35829,
87296,
56008,
50028,
44236,
88397,
30962,
32327,
68650,
98984,
54616,
33231,
32003,
86633,
77961,
82477,
39901,
80105,
88473,
99892,
33911,
22499,
67665,
83947,
25790,
10311,
54616,
67286,
32327,
13469,
71632,
69801,
38552,
31037,
64568,
22277
