58990,
26183,
48195,
20176,
26730,
85161,
96982,
87996,
39657,
78872,
34487,
29811,
21721,
26489,
42015,
27364,
74634,
97761,
55760,
73395,
70292,
23732,
35979,
39607,
47127,
92247,
46961,
91221,
78652,
37026,
11525,
44193,
25735,
69120,
48384,
31056,
21738,
58732,
24566,
44699,
14669,
67130,
43796,
23106,
96034,
35340,
71868,
33492,
51373,
99072,
39427,
92427,
33558,
89049,
43382,
48018,
11476,
61065,
40706,
38289,
61388,
10173,
73579,
79707,
28812,
86825,
20684,
51239,
81140,
76168,
99264,
26913,
94683,
78541,
67469,
21163,
17512,
98081,
59759,
14953,
44472,
95878,
45177,
94802,
78885,
32894,
81586,
20780,
45722,
57179,
58010,
18803,
31369,
47417,
23725,
24171,
41159,
86721,
42213,
67094,
42824,
75980,
57308,
71184,
92274,
17355,
21401,
41141,
26962,
58595,
74713,
64974,
81081,
65538,
79576,
45311,
53579,
27706,
33000,
94880,
58409,
62237,
95180,
75624,
87121,
20214,
37248,
81130,
93290,
48621,
55488,
30294,
18426,
61159,
66015,
22543,
22836,
75789,
89780,
80626,
79138,
32331,
64732,
64384,
98590,
32268,
76414,
14193,
59330,
34093,
83585,
95643,
61401,
38442,
93684,
26110,
15441,
92433,
28327,
21955,
49694,
25544,
84691,
79194,
16801,
49387,
26366,
98455,
80499,
68980,
93089,
90633,
48942,
52095,
35173,
50528,
48435,
78990,
57862,
83194,
11974,
55908,
67541,
44245,
20222,
35725,
23053,
67114,
39907,
26882,
83894,
48151,
45532,
54616,
29225,
23310,
27391,
81010,
37854,
12301,
60653,
39146,
19921,
20491,
20704,
89603,
48990,
17859,
91770,
26894,
71700,
53034,
64173,
35643,
47856,
41758,
25314,
89505,
33384,
90660,
36669,
77226,
22259,
30997,
49539,
61452,
44075,
53649,
60788,
47920,
19137,
41111,
68368,
13793,
60368,
26012,
51252,
43496,
65956,
18306,
84742,
10586,
69115,
30697,
73975,
98556,
72653,
92806,
70605,
79072,
28964,
64155,
33721,
72727,
42141,
38511,
73842,
39787,
67974,
39281,
78547,
86630,
65830,
30096,
83498,
79839,
36667,
34592,
55976,
29750,
83649,
49774,
45369,
25790,
28234,
64287,
14200,
67555,
23415,
51011,
35467,
88385,
64333,
93289,
78046,
61252,
56317,
39616,
40974,
89183,
71298,
40425,
44622,
16769,
50032,
94307,
67797,
53067,
44986,
97030,
16328,
28732,
14888,
76256,
12080,
20532,
65920,
82906,
68188,
35079,
40756,
96432,
24716,
97265,
40357,
78488,
58117,
53542,
80762,
73211,
34760,
72386,
24765,
77969,
42632,
73252,
43182,
22905,
71363,
18432,
80171,
80504,
87491,
94636,
90824,
76821,
97208,
39385,
25328,
47426,
41105,
86595,
25289,
14654,
98168,
52229,
77059,
33191,
56474,
84198,
30272,
95046,
46439,
42491,
17801,
25959,
14098,
67001,
53899,
35932,
60024,
51738,
44766,
99310,
57320,
91218,
79971,
61698,
15416,
60942,
33231,
82304,
13091,
34120,
62522,
51195,
86959,
13469,
26437,
17377,
20482,
58540,
44464,
76660,
65570,
68702,
13732,
37635,
40758,
88294,
57997,
15322,
15026,
10311,
40709,
49931,
78146,
35434,
21586,
14306,
54907,
39348,
34528,
85498,
97692,
93336,
93579,
70893,
98547,
99653,
97792,
94428,
47952,
46700,
82623,
51986,
95299,
90152,
21647,
51079,
76530,
16685,
15557,
27693,
30323,
33846,
36900,
51501,
79980,
96871,
94536,
13619,
12633,
29434,
37371,
30592,
61834,
37159,
76104,
42439,
12737,
40599,
78945,
26422,
40048,
33252,
64705,
38425,
34650,
77866,
42426,
86881,
31037,
24284,
31351,
11314,
40512,
61317,
86804,
93217,
54264,
71848,
41317,
20822,
13434,
75294,
45871,
94496,
79486,
73469,
73321,
84632,
13797,
81243,
49923,
17133,
70647,
77767,
11890,
99150,
22576,
57589,
19897,
17826,
81918,
10494,
95897,
25338,
55840,
47904,
64695,
97909,
49800,
23393,
44112,
34177,
45093,
13531,
11685,
61846,
19864,
71711,
41935,
30456,
93167,
54262,
16943,
56485,
83422,
27202,
32209,
18566,
71881,
90696,
83872,
33911,
79411,
39840,
18184,
72608,
75060,
99717,
27870,
79388,
88792,
87743,
21381,
16604,
79422,
99518,
43538,
59793,
51360,
71095,
54403,
87694,
99606,
56481,
52566,
85672,
10619,
49467,
74518,
84128,
21960,
20817,
41972,
41531,
52167,
33057,
20059,
58246,
96285,
58243,
20464,
43638,
61636,
95169,
39758,
81693,
67992,
87449,
26498,
70154,
39639,
43560,
71691,
97372,
86291,
93329,
37007,
50905,
95718,
53073,
95566,
37931,
44437,
69216,
68537,
89154,
83662,
96102,
93495,
37697,
51030,
43139,
89941,
74566,
71613,
53213,
35094,
25142,
97531,
36336,
56464,
98880,
40170,
68370,
62746,
14815,
82609,
37384,
79298,
15994,
24667,
62232,
76536,
22168,
47532,
83915,
53594,
44185,
33847,
80172,
92387,
77286,
58407,
51798,
85681,
98604,
23193,
42207,
29275,
38883,
64149,
94968,
88949,
23467,
24672,
31844,
63168,
18630,
25936,
99788,
76153,
64820,
48127,
42549,
36028,
65511,
83631,
30705,
63816,
49162,
64635,
35428,
85354,
43910,
34988,
59695,
56126,
79593,
60787,
65297,
71667,
78750,
28176,
30235,
29589,
94484,
28976,
10891,
82415,
17840,
12362,
44689,
32329,
36224,
49558,
36420,
24294,
55624,
40840,
51198,
87483,
93982,
50567,
61386,
65062,
20280,
19901,
75786,
79105,
52900,
15376,
24811,
75536,
49782,
61537,
75088,
60963,
65756,
77859,
34133,
99910,
98965,
65548,
85173,
97683,
74299,
58858,
80192,
34718,
16716,
70433,
47024,
30642,
94495,
87606,
18984,
44236,
91312,
91687,
54787,
55489,
55141,
27106,
68857,
85898,
94901,
50502,
98505,
30563,
66131,
20133,
83377,
33954,
97110,
14452,
17300,
18761,
74745,
91644,
28553,
94128,
33420,
92910,
37708,
61526,
76908,
10971,
63791,
99823,
36476,
47467,
86834,
67811,
66608,
57189,
90548,
27994,
41778,
81713,
29172,
97018,
16240,
40946,
12112,
11426,
84378,
82230,
80395,
12832,
81595,
46567,
73987,
29682,
26890,
60282,
29069,
51151,
23646,
97787,
25233,
22366,
18027,
74870,
65024,
95515,
27288,
53260,
47304,
79764,
13760,
52147,
97016,
72787,
82709,
79236,
67107,
51400,
68826,
58799,
81849,
50383,
35715,
36380,
74160,
22634,
80680,
55881,
67404,
40509,
71229,
74570,
32180,
17190,
20574,
39284,
87279,
52715,
23554,
32327,
69747,
62207,
83704,
75085,
29775,
60519,
43842,
40417,
36659,
15188,
79365,
18236,
44401,
28839,
70555,
16791,
85629,
74917,
56386,
70126,
71807,
21971,
23752,
45368,
29547,
35796,
56091,
85503,
40279,
62551,
25734,
95005,
51899,
22708,
41722,
71824,
59191,
82083,
78078,
15421,
31581,
76784,
65374,
45587,
64550,
97345,
36835,
15341,
45365,
61872,
64106,
64928,
47863,
27558,
82444,
74039,
53966,
21022,
49180,
52439,
86696,
25627,
29897,
29661,
98440,
20550,
49301,
67774,
19807,
91869,
74742,
30790,
29664,
55595,
25650,
81699,
88579,
85213,
50079,
38163,
11279,
66102,
73407,
16501,
97144,
28719,
48422,
27017,
30367,
58740,
82350,
19614,
75354,
14743,
71164,
40824,
29278,
78783,
15291,
99134,
51179,
61656,
36903,
42998,
32769,
38966,
61111,
43774,
83954,
62774,
23009,
83587,
11625,
85067,
79235,
27666,
71757,
63856,
74642,
84731,
82822,
98821,
18490,
31172,
50837,
16889,
47909,
27911,
92573,
99821,
16051,
90386,
15508,
94585,
42254,
88061,
48365,
48985,
68310,
51604,
37019,
25177,
12805,
44481,
66499,
58999,
81515,
13380,
92225,
85816,
66727,
12136,
41350,
76507,
14899,
70570,
87699,
86079,
75223,
86547,
39093,
49677,
62894,
71584,
63695,
20393,
61359,
80230,
35130,
29488,
31018,
71632,
21296,
46649,
40806,
85856,
17380,
21611,
88397,
84967,
75283,
86602,
97062,
74487,
98205,
52941,
16747
